-0.9716933024074076 -0.23624590167151338 0.5477006240297893 -2.0
-0.9708543062804961 -0.23967043200323374 0.07051619777615425 -2.0
-0.9755548253001095 -0.21975618952300935 -0.40923662622627105 -2.0
-0.9842242347424752 -0.17692556555113506 -0.874053768368528 -2.0
-0.993675800345805 -0.11228714889569431 -1.3067479425318793 -2.0
-0.9996086890413506 -0.027972643654693548 -1.69096330420365 -2.0
-0.997364264994488 0.0725570321333815 -2.01194278694467 -2.0
-0.9828446899018323 0.18443512553678926 -2.257525012844634 -2.0
-0.953408403919279 0.30168264009732654 -2.419198668692042 -2.0
-0.9085050269005033 0.41787392368574017 -2.492936688619047 -2.0
-0.8498580569181415 0.5270116536579821 -2.4795312458547416 -2.0
-0.7811479012351168 0.6243460229680111 -2.384272505611255 -2.0
-0.7073213282691723 0.7068921689872747 -2.216012988385246 -2.0
-0.6337638735525256 0.773526568761344 -1.9858438616447902 -2.0
-0.5655701937364738 0.8247001612446111 -1.7056989350737821 -2.0
-0.507056092084419 0.8619130579589087 -1.3871738141403238 1.1364060572021983
-0.482276799477141 0.8760188860327645 -0.5702781120908124 1.9561898754787457
-0.4988402385881652 0.8666939577297759 0.3801645337555729 1.964631737518706
-0.5551173996489811 0.8317720075879889 1.3248797626807107 1.9674796694208792
-0.6447495857233719 0.7643938590213427 2.2438307187848343 1.9788611608025455
-0.7554845606845282 0.6551664510392038 3.113955287171223 1.9873146042025884
-0.8682007473898107 0.4962131217851602 3.9034273160810145 2.0
-0.958114470146155 0.28638551307032384 4.575587157419885 2.0
-0.9993544653965886 0.03592565228215968 5.090376292222627 2.0
-0.9725300229931938 -0.23277747824232894 5.417320531434247 2.0
-0.8717323502705666 -0.4899823563065859 5.5427374227525 2.0
-0.7067999134567587 -0.7074135158007079 5.475250655522561 2.0
-0.49924721744327605 -0.8664595869832281 5.24469051867203 2.0
-0.2744209312041353 -0.9616096674415535 4.894845828434609 2.0
-0.05427884669813214 -0.9985258167924957 4.4736385778534435 2.0
0.14640356376005528 -0.9892249473796925 4.024744215259072 2.0
0.3203253848875014 -0.9473075782430298 3.5828255047243025 2.0
0.4659342579628104 -0.88481934159276 3.17234482104203 2.0
0.5852000237876199 -0.8108889764690164 2.8087303148474603 2.0
0.6817520810582158 -0.7315832830052856 2.500563582495698 1.9712210608309029
0.7594926572007786 -0.6505158750238924 2.247559279366369 1.036055241429021
0.8182078605040142 -0.5749225139176962 1.9150806593128027 0.553959792804415
0.8606964366284361 -0.5091184969877961 1.5669827427951928 0.9300645726353944
0.8925049219676063 -0.4510376528224632 1.3246535559496548 0.9115409752127378
0.9164129256610066 -0.40023411858740165 1.1231064626147178 0.9080757254868702
0.934546021439655 -0.3558422878345289 0.9591422324971969 1.0033998685844479
0.9487066603399946 -0.3161576705166807 0.8427704969089671 0.7300288320594065
0.9594029089548474 -0.28203910772972046 0.7151565688303674 0.991743988164334
0.9680908652878494 -0.2505994344491284 0.6523888362577269 0.5263286307375734
0.9745413812674754 -0.2242077077115799 0.5433885550315166 1.0691466930080515
0.9801955590800775 -0.198031982163726 0.5356047781990393 0.19268610270764622
0.9841021543601965 -0.17760334958445986 0.4159837069823916 1.189654547350126
0.9879359088490498 -0.15486329457493148 0.4612293768965657 -0.3312431582137071
0.99011536593077 -0.14025534623599006 0.2953954322333109 1.5044558141465862
0.9928175288423562 -0.11963843204989497 0.4158722946783061 -0.8225982101054711
0.9939793482092423 -0.10956758340645241 0.20275373912506398 1.6509617199767694
0.9958280362567736 -0.09124977920509139 0.36822230956674007 -1.0114678484058195
0.9964762845643375 -0.08387499210642978 0.14806479790204863 1.603332567976268
0.9977098574377051 -0.06763904472739175 0.32565843901866626 -1.1327426928614384
0.9980512665184369 -0.06239927404180287 0.10501775154390675 1.5643737113836402
0.9988579828319473 -0.04777792516312655 0.2928743527201005 -1.136350494346773
0.9990554715273958 -0.043453018435694754 0.08658833469573962 1.3072304016975453
0.9995206986063051 -0.030957600965898988 0.25008313112360037 -1.126328551410722
0.9996061541912794 -0.028063080780984184 0.057915647687567656 1.2203541939807532
0.9998542992716981 -0.017069863148298958 0.2199214661989423 -1.1341421764888673
0.9998841657822486 -0.01522021740767336 0.03699774236438799 1.1083400787288364
0.9999841565145905 -0.005629095824644114 0.1918335911179584 -1.1339250871945539
0.9999887046344269 -0.004752957348939313 0.017523006170291983 1.0575782524935309
0.9999924853131131 0.00387676634622282 0.1725950260326171 -1.1372813978859224
0.9999915033514734 0.00412228393737794 0.004910391109395645 0.9652577700687055
0.9999308304268246 0.011761562902988444 0.15279076957273477 -1.1038444539270043
0.9999331423482614 0.011563340068153611 -0.003964726339074548 0.8489505471442804
0.9998350006557891 0.018165116670094482 0.13205036078368276 -1.1206669449600057
0.9998547405103866 0.017043998325143264 -0.022425843457747313 0.8763647367491246
0.9997323881785919 0.023133353123344344 0.12181186579847858 -1.1311648853950365
0.999766517913087 0.021608092464191708 -0.030512852168268656 0.8567037580869247
0.999626839841173 0.027316315072680546 0.11419878089291369 -1.1510680304645824
0.9996769036779014 0.025418266128198065 -0.03797418737226349 0.7779295025481404
0.9995406886043401 0.030305310167718237 0.09777893760610609 -1.1290124531057828
0.999611719287249 0.02786414656131049 -0.04884394773397288 0.83309280086083
0.999464792470178 0.0327128203086171 0.09701808231613449 -1.1889241568716589
0.9995536450933046 0.02987491557625074 -0.05678592598315174 0.8735772353535425
0.9993975919526149 0.034705233024928804 0.09665684600206756 -1.2391414944405859
0.9995022475729828 0.031547695582338976 -0.06318545339532383 0.8818908619601034
0.9993451816402813 0.036182978489243706 0.09275894758544592 -1.2232610441679461
0.999455178840361 0.033005234269463335 -0.06359297517281332 0.8565960543562249
0.9992971917881094 0.0374849634440061 0.0896503586827177 -1.214213791743065
0.9994126577598286 0.034268637402672115 -0.06436798749573774 0.8463004665164956
0.9992516633089363 0.03867962479554449 0.08827856053374075 -1.1678619576474545
0.9993594372145334 0.035787082170123184 -0.05789101451671899 0.7547191758962956
0.9992039975170448 0.03989199601370587 0.08215717349531776 -1.1213515196077941
0.9993120127893452 0.03708774858234769 -0.05612655743557199 0.7164857444011431
0.9991573880392379 0.04104283039225859 0.07916211566136014 -1.126108275520674
0.9992740633041461 0.03809654062538147 -0.058972002872547113 0.6917866395778713
0.9991275857485681 0.04176203295144574 0.0733683985331697 -1.1405619122635124
0.9992607182218247 0.0384449869138112 -0.06639436359277279 0.7468611563729641
0.999110644607471 0.04216538665829694 0.07446855004853023 -1.1399738165951554
0.9992422174989881 0.038922882314969764 -0.06490348244702057 0.7159314699230719
0.9990963039339487 0.04250382883368056 0.07167839977766743 -1.133637606706631
0.9992320852665232 0.03918213590292941 -0.06648936960306703 0.7488971975856469
0.9990776291193255 0.042940551851454366 0.07523181196197709 -1.1425857802089143
0.9992098252905076 0.03974575503010586 -0.06395064118076935 0.700276999111437
0.9990626478562896 0.043287707936311155 0.07090022495852538 -1.1023003501545225
0.9991919969369721 0.04019145751407777 -0.06197904661241968 0.660712634085735
0.9990511580949324 0.04355207812693286 0.06727144163599877 -1.1016838116770966
0.9991880647172094 0.040289096870959794 -0.0653170715203662 0.7102805765343114
0.9990377739341149 0.043858023812847854 0.07144183761300035 -1.1337022519920084
0.9991764974069636 0.040574955693779925 -0.06571998232616516 0.6891586757091094
0.9990325806204274 0.04397616239383743 0.06808503580053601 -1.1034310079551843
0.9991691012252967 0.040756682355569576 -0.06444749359736374 0.7057006303651538
0.9990159580679727 0.04435217610817513 0.07197511272408644 -1.1125559116283312
0.9991479151211549 0.04127279623492428 -0.061644141939031866 0.6400754678599029
0.9990077856260383 0.04453587608388973 0.06532177541614681 -1.0815207083725926
0.9991441606370243 0.04136358621947983 -0.06350442377682494 0.6545838946047834
0.9990028774517626 0.04464583791461904 0.06570585007850238 -1.1242029951894348
0.9991518665681839 0.04117702676631684 -0.06944022076394868 0.7083592137173502
0.9990067663014816 0.04455873521383891 0.0676964313683914 -1.1351646108485562
0.9991548755371749 0.0411039498137661 -0.06915920884851295 0.7023403040291546
0.9990115270554014 0.044451870719182565 0.06701979911618475 -1.1252989890430969
0.9991577839047172 0.04103319220599812 -0.06843614620089306 0.6974433614117824
0.99901481574231 0.04437789908680223 0.06695525216537282 -1.114800397094955
0.9991578375156143 0.0410318867604373 -0.06698138308376875 0.7007724542236067
0.9990105352567674 0.04447415480913663 0.06890840012010008 -1.123222921132509
0.9991523117925847 0.041166222070207655 -0.0662194219429238 0.6698330457446146
0.9990129558832256 0.04441974760689601 0.06513020147142415 -1.0881032449534964
0.9991515712010848 0.04118419316198489 -0.06477047456642854 0.6812436555669825
0.9990050918884964 0.04459625971824063 0.06830421864010744 -1.104040844691563
0.9991423840101128 0.04140647865477376 -0.06385471327494646 0.6588903115644771
0.9990002272434106 0.04470510001793939 0.06603369245080531 -1.0722253715863497
0.9991324959645579 0.041644393471783205 -0.061271288273692576 0.618130208435325
0.9989970724919264 0.04477554190136384 0.06268153809544352 -1.0697726083867
0.9991356604611087 0.04156840139991226 -0.06420269673653875 0.6756909697833432
0.9989878172935137 0.04498156176858766 0.06832724978089694 -1.088282369736967
0.9991207394413653 0.04192550558001136 -0.06117893435320751 0.6220086865142256
0.9989824403585118 0.045100818788049286 0.06356649780893463 -1.0188313950934527
0.9991036059197066 0.04233183953290501 -0.05543259736404624 0.5668412934397584
0.9989690697258435 0.04539601007888955 0.06134247630159616 -1.0004214144514656
0.99908943536105 0.042664975681915115 -0.054673728306956756 0.537506000825328
0.9989616177807874 0.0455596993053286 0.05795090357827862 -1.0053181411484147
0.9990909837388352 0.042628701736816495 -0.058677043114987296 0.5985402000728628
0.9989515739740853 0.04577939334130153 0.06307551319855449 -1.0614904632071767
0.9990882918746594 0.04269174438899596 -0.06181351127654598 0.5926078363066329
0.9989577839752986 0.04564368340921532 0.05909647246119577 -1.0470101454223937
0.9990981393554168 0.042460663402073294 -0.06372228679525191 0.6323509141428807
0.9989594867906421 0.045606400329089025 0.06297584787773519 -1.0947141895662522
0.9991067184913404 0.04225831356627475 -0.0670264803103861 0.6980146008149922
0.9989541372266908 0.045723426355401275 0.06936944498656863 -1.14133431486297
0.9991028448940439 0.04234979722062651 -0.06753813247632615 0.6704808423281783
0.9989603960429588 0.045586479768620534 0.06479634178837029 -1.1210925173286126
0.9991120983511234 0.04213092603320195 -0.06917767598445634 0.7077782986587284
0.9989617413493831 0.045556989806267253 0.06858726333925419 -1.13230680024801
0.9991089436373709 0.04220567193893371 -0.06709101434324696 0.6441495991124915
0.9989751492672354 0.04526202764464761 0.06118567947782688 -1.0955547262334566
0.9991257780194301 0.04180525920345872 -0.06920100872370599 0.7020383213816106
0.9989790885342477 0.045175000512271 0.06745868388612944 -1.1415898451112003
0.9991308705308661 0.04168337261107278 -0.06989854249634755 0.7233615289524818
0.9989791570323852 0.045173485750660984 0.06986821630482926 -1.0954765047830617
0.9991113901316692 0.042147717721883034 -0.06057314509963424 0.6565072519026333
0.9989588633460277 0.04562005416932746 0.06951373097717278 -1.0605597002899607
0.999081302253006 0.04285500540704447 -0.055355183439325675 0.5694932436051726
0.9989431686853545 0.0459624383259124 0.06221005715673339 -0.988610037276017
0.9990584478312742 0.04338453430619321 -0.05160961969023507 0.4953726412777566
0.9989348214522749 0.046143498893253664 0.05523467723107307 -0.9556412735050406
0.9990546896195581 0.0434709920426058 -0.05350388962474294 0.5384640221193466
0.9989200855382094 0.04646141095937833 0.05986895772511347 -0.9970288969060053
0.9990437258578403 0.04372223489352464 -0.05483931859125356 0.5063197055877926
0.9989222658125001 0.04641451135174112 0.0539003134170587 -0.9746215317512519
0.9990515398761194 0.04354331947790076 -0.05748203283182318 0.5294582122507203
0.9989289572930674 0.04627027427393311 0.05459418861421031 -0.9996091271452912
0.9990646666389769 0.043241090105939926 -0.06064447475213361 0.5953130877781443
0.9989279418105131 0.04629219232453876 0.061083305994042825 -1.0347417958638037
0.9990610428055343 0.04332473598671244 -0.0594088191421239 0.5515557050703825
0.9989362368504868 0.046112847526346624 0.055818088608467833 -1.0030122006285938
0.9990701858348213 0.04311338279439018 -0.060049105841061504 0.5812695260182509
0.9989375569875948 0.046084240686550065 0.059476360157468655 -1.0386110990617634
0.9990750851612403 0.04299970011593557 -0.06175212418688347 0.6198788435128506
0.9989335730737524 0.04617051641584966 0.06347947742699583 -1.039244407602819
0.9990627892801573 0.043284443807816445 -0.057779296401539865 0.5040362702083478
0.9989507934679 0.045796421583493195 0.050289476985574455 -1.013614767386021
0.9990994661322634 0.042429432876556136 -0.06740542193470875 0.6421700255384344
0.9989659957124922 0.04546360533601634 0.06074215655347345 -1.0939774975910765
0.9991174390885842 0.0420040820524524 -0.06925676408317571 0.7202765952830501
0.9989636506847298 0.04551510310476276 0.07028778674862113 -1.1215503523271941
0.9991037787044965 0.04232776132039779 -0.0638084387718861 0.6432918252846243
0.998962233048544 0.04554620667702737 0.06443115601110569 -1.0535509529612677
0.9990931882698474 0.042577002628077405 -0.05944183192531402 0.6190932688745951
0.998948723473813 0.04584155178481039 0.0653549103769331 -1.044989184881673
0.9990753411906831 0.042993750996164155 -0.057012303516710175 0.6084117052243734
0.9989268766577972 0.04631517128002503 0.06649476551406876 -1.033079627636745
0.9990476991949606 0.043631350348750736 -0.05373080017142419 0.5177887076564744
0.9989200802578716 0.04646152448647557 0.056661018738609945 -0.9940247437738206
0.9990497390254186 0.04358461831016736 -0.057596549462606506 0.5481248479762153
0.998920744341871 0.04644724451980536 0.05731064146645111 -1.019466952625406
0.9990572714346739 0.043411615882206614 -0.06077396803750593 0.6058917877529679
0.9989163400426784 0.04654186927638551 0.06266851203709425 -1.0213609606203287
0.9990419302238394 0.043763245476372135 -0.05562923009866591 0.5509125809577244
0.9989065422113126 0.046751683685608475 0.0598300911522717 -0.9419109683712432
0.9990123017485018 0.044434456845565316 -0.04639279133920855 0.3986104390020733
0.9989057664030715 0.046768256827600815 0.04672461714527647 -0.8618315697447527
0.9990139658032879 0.04439702839140296 -0.047473925695735955 0.40546236777766265
0.9989077081192319 0.046726765991062014 0.04664320076446565 -0.8795842888988065
0.9990219547193478 0.04421689709526554 -0.050249368077058945 0.4388569604147671
0.9989112273565725 0.04665147222742369 0.04874184880660519 -0.9195069324555969
0.9990339749452711 0.043944475250610064 -0.054195586891166825 0.49777135628968294
